X = [0.1, 0.2, 0.30000000000000004, 0.4, 0.5, 0.6, 0.7, 0.7999999999999999, 0.8999999999999999, 0.9999999999999999, 1.0999999999999999, 1.2, 1.3, 1.4000000000000001, 1.5000000000000002, 1.6000000000000003, 1.7000000000000004, 1.8000000000000005, 1.9000000000000006, 2.0000000000000004, 2.1000000000000005, 2.2000000000000006, 2.3000000000000007, 2.400000000000001, 2.500000000000001, 2.600000000000001, 2.700000000000001, 2.800000000000001, 2.9000000000000012, 3.0000000000000013, 3.1000000000000014, 3.2000000000000015, 3.3000000000000016, 3.4000000000000017, 3.5000000000000018, 3.600000000000002, 3.700000000000002, 3.800000000000002, 3.900000000000002, 4.000000000000002, 4.100000000000001, 4.200000000000001, 4.300000000000001, 4.4, 4.5, 4.6, 4.699999999999999, 4.799999999999999, 4.899999999999999, 4.999999999999998, 5.099999999999998, 5.1999999999999975, 5.299999999999997, 5.399999999999997, 5.4999999999999964, 5.599999999999996, 5.699999999999996, 5.799999999999995, 5.899999999999995, 5.999999999999995, 6.099999999999994, 6.199999999999994, 6.299999999999994, 6.399999999999993, 6.499999999999993, 6.5999999999999925, 6.699999999999992, 6.799999999999992, 6.8999999999999915, 6.999999999999991, 7.099999999999991, 7.19999999999999, 7.29999999999999, 7.39999999999999, 7.499999999999989, 7.599999999999989, 7.699999999999989, 7.799999999999988, 7.899999999999988, 7.999999999999988, 8.099999999999987, 8.199999999999987, 8.299999999999986, 8.399999999999986, 8.499999999999986, 8.599999999999985, 8.699999999999985, 8.799999999999985, 8.899999999999984, 8.999999999999984, 9.099999999999984, 9.199999999999983, 9.299999999999983, 9.399999999999983, 9.499999999999982, 9.599999999999982, 9.699999999999982, 9.799999999999981, 9.89999999999998, 9.99999999999998, 10.09999999999998, 10.19999999999998, 10.29999999999998, 10.399999999999979, 10.499999999999979, 10.599999999999978, 10.699999999999978, 10.799999999999978, 10.899999999999977, 10.999999999999977, 11.099999999999977, 11.199999999999976, 11.299999999999976, 11.399999999999975, 11.499999999999975, 11.599999999999975, 11.699999999999974, 11.799999999999974, 11.899999999999974, 11.999999999999973, 12.099999999999973, 12.199999999999973, 12.299999999999972, 12.399999999999972, 12.499999999999972, 12.599999999999971, 12.69999999999997, 12.79999999999997, 12.89999999999997, 12.99999999999997, 13.09999999999997, 13.199999999999969, 13.299999999999969, 13.399999999999968, 13.499999999999968, 13.599999999999968, 13.699999999999967, 13.799999999999967, 13.899999999999967, 13.999999999999966, 14.099999999999966, 14.199999999999966, 14.299999999999965]

Y0 = [0.2188146477267903, 0.21756455618836923, 0.16259292765181693, 0.13961916241359287, 0.15407062665940674, 0.15124061556249935, 0.15657230783874662, 0.11505559157287819, 0.14286765185690972, 0.16565100671419164, 0.09524348492487857, 0.13673049010831564, 0.14160427343630372, 0.16285008496501116, 0.09232133750660321, 0.039261383012569415, 0.050006028508108015, 0.08654806256666246, 0.08966923837572068, 0.08035040984625284, 0.02531876022680442, 0.046012780587481136, 0.13324606701556974, 0.07045509034781254, 0.05122058779895889, 0.12032069848161496, 0.1259299057027785, 0.11225104579111363, 0.029178025044375194, 0.0694374528169281, 0.04581661890536693, 0.0435298368262542, -0.008652960273354927, 0.051626457613156686, 0.019234721199111036, 0.024124448981705616, 0.061321586921935615, -0.017696037442685428, -0.013674438370744094, 0.060308819994448766, 0.09088033271801982, 0.04332271087813697, 0.03875473897843092, 0.04296134609599741, 0.09132951612803814, -0.013888065183509475, 0.02737017163948607, 0.06753550366287346, 0.02854739504330503, -0.024127295840985684, -0.023751630524287578, -0.007126103102817853, 0.030204671695224762, -0.08281146311601725, -0.048654018788198555, 0.008926004245073407, 0.013743027649160813, -0.0669590854046338, 0.038238459327954194, 0.02813385771102924, 0.011488119115803608, 0.00953461754967948, 0.009716944507286758, 0.041744112471427335, -0.05379796610486841, 0.0026863717048504275, -0.023308078469993602, -0.010794995495858514, -0.03883980109125145, 7.509527656246226e-05, -0.04621147780814303, -0.06160906411906343, -0.10159644231036566, -0.1269265645032253, -0.06475107238877141, -0.16655160011955975, -0.10152847211996485, -0.06423142117173446, -0.12075267001301687, -0.15367373442029794, -0.1947971054029982, -0.41561959328220116, -0.20034246623425395, -0.2643324558483141, -0.18488975824111226, -0.18726966192101588, -0.3114286832596664, -0.32675767233680386, -0.29294243472262554, -0.35370536506919625, -0.41791398524899004, -0.4255611221577992, -0.3920129319560566, -0.39212017964074797, -0.36966532467699337, -0.4333425535553033, -0.42414003186509663, -0.3911176816155355, -0.30863802900090664, -0.3931765267228499, -0.3593873862204344, -0.43640306538869006, -0.45058692909498566, -0.4761638580537955, -0.430908422490133, -0.5467660356072743, -0.6134781381326653, -0.6897752843421693, -0.6464398462576265, -0.7810244182593433, -0.7836080380331928, -0.8657925452872277, -0.858841898982492, -0.8607500191528165, -0.8151073475641339, -0.8764057245071271, -0.7141080329980539, -0.7949798129170004, -0.7439097510027899, -0.6391711545487495, -0.8548494258792217, -0.8667532223518497, -0.9537174361947035, -0.9880653579917713, -0.7820131884279959, -0.894105336105438, -1.0737225101984171, -1.2769603287271662, -1.5119571951950286, -1.352596330056813, -1.7104131569233514, -1.502235704397945, -1.6667601875671505, -1.5751446982840165, -1.660702190958706, -1.6153446838888688, -1.5226130211806244, -1.6184875471961937, -1.7224271022142619, -1.7263389136209155, -1.6104713271845068, -1.7033498237982423, -0.9471653375065574]

