X = [0.1, 0.2, 0.30000000000000004, 0.4, 0.5, 0.6, 0.7, 0.7999999999999999, 0.8999999999999999, 0.9999999999999999, 1.0999999999999999, 1.2, 1.3, 1.4000000000000001, 1.5000000000000002, 1.6000000000000003, 1.7000000000000004, 1.8000000000000005, 1.9000000000000006, 2.0000000000000004, 2.1000000000000005, 2.2000000000000006, 2.3000000000000007, 2.400000000000001, 2.500000000000001, 2.600000000000001, 2.700000000000001, 2.800000000000001, 2.9000000000000012, 3.0000000000000013, 3.1000000000000014, 3.2000000000000015, 3.3000000000000016, 3.4000000000000017, 3.5000000000000018, 3.600000000000002, 3.700000000000002, 3.800000000000002, 3.900000000000002, 4.000000000000002, 4.100000000000001, 4.200000000000001, 4.300000000000001, 4.4, 4.5, 4.6, 4.699999999999999, 4.799999999999999, 4.899999999999999, 4.999999999999998, 5.099999999999998, 5.1999999999999975, 5.299999999999997, 5.399999999999997, 5.4999999999999964, 5.599999999999996, 5.699999999999996, 5.799999999999995, 5.899999999999995, 5.999999999999995, 6.099999999999994, 6.199999999999994, 6.299999999999994, 6.399999999999993, 6.499999999999993, 6.5999999999999925, 6.699999999999992, 6.799999999999992, 6.8999999999999915, 6.999999999999991, 7.099999999999991, 7.19999999999999, 7.29999999999999, 7.39999999999999, 7.499999999999989, 7.599999999999989, 7.699999999999989, 7.799999999999988, 7.899999999999988, 7.999999999999988, 8.099999999999987, 8.199999999999987, 8.299999999999986, 8.399999999999986, 8.499999999999986, 8.599999999999985, 8.699999999999985, 8.799999999999985, 8.899999999999984, 8.999999999999984, 9.099999999999984, 9.199999999999983, 9.299999999999983, 9.399999999999983, 9.499999999999982, 9.599999999999982, 9.699999999999982, 9.799999999999981, 9.89999999999998, 9.99999999999998, 10.09999999999998, 10.19999999999998, 10.29999999999998, 10.399999999999979, 10.499999999999979, 10.599999999999978, 10.699999999999978, 10.799999999999978, 10.899999999999977, 10.999999999999977, 11.099999999999977, 11.199999999999976, 11.299999999999976, 11.399999999999975, 11.499999999999975, 11.599999999999975, 11.699999999999974, 11.799999999999974, 11.899999999999974, 11.999999999999973, 12.099999999999973, 12.199999999999973, 12.299999999999972, 12.399999999999972, 12.499999999999972, 12.599999999999971, 12.69999999999997, 12.79999999999997, 12.89999999999997, 12.99999999999997, 13.09999999999997, 13.199999999999969, 13.299999999999969, 13.399999999999968, 13.499999999999968, 13.599999999999968, 13.699999999999967, 13.799999999999967, 13.899999999999967, 13.999999999999966, 14.099999999999966, 14.199999999999966, 14.299999999999965, 14.399999999999965, 14.499999999999964, 14.599999999999964, 14.699999999999964, 14.799999999999963, 14.899999999999963, 14.999999999999963, 15.099999999999962, 15.199999999999962, 15.299999999999962, 15.399999999999961, 15.499999999999961, 15.59999999999996, 15.69999999999996, 15.79999999999996, 15.89999999999996, 15.99999999999996, 16.09999999999996, 16.19999999999996, 16.29999999999996, 16.399999999999963, 16.499999999999964, 16.599999999999966, 16.699999999999967, 16.79999999999997, 16.89999999999997, 16.99999999999997, 17.099999999999973, 17.199999999999974, 17.299999999999976, 17.399999999999977, 17.49999999999998, 17.59999999999998, 17.69999999999998, 17.799999999999983, 17.899999999999984, 17.999999999999986, 18.099999999999987, 18.19999999999999, 18.29999999999999, 18.39999999999999, 18.499999999999993, 18.599999999999994, 18.699999999999996, 18.799999999999997, 18.9, 19.0, 19.1, 19.200000000000003, 19.300000000000004, 19.400000000000006, 19.500000000000007, 19.60000000000001, 19.70000000000001, 19.80000000000001, 19.900000000000013, 20.000000000000014]

Y0 = [1.4304245883124085, 1.1850062035257722, 1.0847839476108638, 1.0635727311329817, 0.9972117064064461, 0.9249775293665659, 0.8619748801059534, 0.7572655597183682, 0.6885976149544014, 0.69700926117339, 0.6525637544094763, 0.599722591685035, 0.507204702906064, 0.5475803599054501, 0.5151397088697898, 0.45438406167658585, 0.4297066835458247, 0.3751021337300467, 0.3674255662636004, 0.33297562845021145, 0.3086540021212562, 0.2663939913033791, 0.23444471098473718, 0.2550428595905294, 0.23864278988315682, 0.26596292447108305, 0.20232671078347897, 0.18591515992116403, 0.2033420082000095, 0.1364530283835185, 0.1689017290029265, 0.1276776642733479, 0.1121647124365204, 0.08061282145743617, 0.07925892825170452, 0.04862784197501519, -0.007590739578267085, 0.02337845899530579, 0.002850315120234172, -0.016868749784066092, -0.001317921795876925, -0.016481810653426344, -0.04938930532207796, -0.03575188925217124, 0.022549920127647186, -0.013661973487825566, 0.011180314937042005, -0.06272020462541049, -0.017297397059245077, -0.04439684597497044, -0.03147405200830991, -0.004012366004280437, 0.016775532091014154, -0.02656334076133506, 0.014829059060209778, 0.0032318519942210674, 0.0028997337620753198, -0.030455214023013693, -0.03168057748598963, 0.02199335600987475, -0.0241157197987418, -0.03690613798853207, -0.04092574975685494, -0.016716381251009046, 0.023926738175843804, -0.01428380381270722, -0.002492709520119812, -0.029892852378109923, 0.05164450370601725, 0.04931924874457006, 0.01858272079787903, 0.04159941712476886, 0.001115817324703171, 0.062398044357465016, 0.023528668435014288, -0.022717570982294186, 0.04707501136559209, 0.03825291504417015, 0.04526209839797706, 0.06311460425630501, 0.030936773893429872, 0.11432430686081442, 0.061417211107840035, 0.06126754054879834, 0.01929040375118322, 0.004778259955127246, -0.042680092488924036, -0.011416568292604606, -0.03949115077596698, -0.0640773677061366, -0.016166333045118195, -0.1425497769783546, -0.08422880460254047, -0.10308781959275014, -0.1086698392104558, -0.11885208849375149, -0.0600634763377955, -0.03562864495421738, -0.04625349044780236, -0.015514675801704405, -0.06378107102258541, -0.05532366894154268, -0.031830710206809915, -0.0837629602682173, -0.081529107705391, -0.06503765627108644, -0.09180699384057696, -0.03830252501149147, -0.13064707392432207, -0.05791396713299667, -0.0888771182144823, -0.07909416871843486, -0.06523322662405676, -0.11900518918824686, -0.10077594732144766, -0.08063439899385906, -0.09076306466370197, -0.10842644630828208, -0.07310631262805653, -0.020368015863502714, -0.05363934235326599, -0.06451006952809733, -0.12950662760369377, -0.05611618229242398, -0.09986864899724306, -0.05036949250791982, -0.06334735221240011, 0.005260602793806282, -0.03447977970951177, -0.07510593013796982, -0.017463954429801126, -0.007953840849461085, -0.04710002797868602, -0.15031847561717668, -0.12840963649638865, -0.06936941827993343, -0.07259805069310045, -0.06276654885360648, -0.16301013599519357, -0.12011308143035171, -0.18224617694345804, -0.12914574191679573, -0.1560004652738874, -0.10724268718006141, -0.15739332344315707, -0.12797234338141186, -0.11460039540449905, -0.1569111314734551, -0.11228494038053846, -0.08433808155407217, -0.1511501868753074, -0.09338265186151906, -0.11878484941738512, -0.11126353431223349, -0.14711526882497442, -0.1565127230458126, -0.17150928363650567, -0.1671639061834435, -0.12746396985202657, -0.15663912853178402, -0.13887961839320406, -0.1304280740983849, -0.11959095892548802, -0.15885626408559922, -0.2105958611762838, -0.12676440355844973, -0.1885222223193987, -0.15510299220714227, -0.16268775551171152, -0.15644728344785705, -0.16010151823379554, -0.12126384133089434, -0.10731812590072222, -0.15137575780287693, -0.1444767122171267, -0.1378611696555719, -0.13067914226481145, -0.1393019899413154, -0.1020929228962562, -0.12086515362161215, -0.1275399794572653, -0.13711523202703813, -0.1590208094840036, -0.16108887634963287, -0.1515734123803209, -0.12692881556834287, -0.1602788076725669, -0.17106564305355812, -0.1907075783143924, -0.18403260697499368, -0.15631828885664764, -0.13552370163373414, -0.17405384271961735, -0.1187278325899917, -0.13431112113345148, -0.20209429223937567, -0.17234612644275368, -0.17014667598071076, 