X = [0.1, 0.2, 0.30000000000000004, 0.4, 0.5, 0.6, 0.7, 0.7999999999999999, 0.8999999999999999, 0.9999999999999999, 1.0999999999999999, 1.2, 1.3, 1.4000000000000001, 1.5000000000000002, 1.6000000000000003, 1.7000000000000004, 1.8000000000000005, 1.9000000000000006, 2.0000000000000004, 2.1000000000000005, 2.2000000000000006, 2.3000000000000007, 2.400000000000001, 2.500000000000001, 2.600000000000001, 2.700000000000001, 2.800000000000001, 2.9000000000000012, 3.0000000000000013, 3.1000000000000014, 3.2000000000000015, 3.3000000000000016, 3.4000000000000017, 3.5000000000000018, 3.600000000000002, 3.700000000000002, 3.800000000000002, 3.900000000000002, 4.000000000000002, 4.100000000000001, 4.200000000000001, 4.300000000000001, 4.4, 4.5, 4.6, 4.699999999999999, 4.799999999999999, 4.899999999999999, 4.999999999999998, 5.099999999999998, 5.1999999999999975, 5.299999999999997, 5.399999999999997, 5.4999999999999964, 5.599999999999996, 5.699999999999996, 5.799999999999995, 5.899999999999995, 5.999999999999995, 6.099999999999994, 6.199999999999994, 6.299999999999994, 6.399999999999993, 6.499999999999993, 6.5999999999999925, 6.699999999999992, 6.799999999999992, 6.8999999999999915, 6.999999999999991, 7.099999999999991, 7.19999999999999, 7.29999999999999, 7.39999999999999, 7.499999999999989, 7.599999999999989, 7.699999999999989, 7.799999999999988, 7.899999999999988, 7.999999999999988, 8.099999999999987, 8.199999999999987, 8.299999999999986, 8.399999999999986, 8.499999999999986, 8.599999999999985, 8.699999999999985, 8.799999999999985, 8.899999999999984, 8.999999999999984, 9.099999999999984, 9.199999999999983, 9.299999999999983, 9.399999999999983, 9.499999999999982, 9.599999999999982, 9.699999999999982, 9.799999999999981, 9.89999999999998, 9.99999999999998, 10.09999999999998, 10.19999999999998, 10.29999999999998, 10.399999999999979, 10.499999999999979, 10.599999999999978, 10.699999999999978, 10.799999999999978, 10.899999999999977, 10.999999999999977, 11.099999999999977, 11.199999999999976, 11.299999999999976, 11.399999999999975, 11.499999999999975, 11.599999999999975, 11.699999999999974, 11.799999999999974, 11.899999999999974, 11.999999999999973, 12.099999999999973, 12.199999999999973, 12.299999999999972, 12.399999999999972, 12.499999999999972, 12.599999999999971, 12.69999999999997, 12.79999999999997, 12.89999999999997, 12.99999999999997, 13.09999999999997, 13.199999999999969, 13.299999999999969, 13.399999999999968, 13.499999999999968, 13.599999999999968, 13.699999999999967, 13.799999999999967, 13.899999999999967, 13.999999999999966, 14.099999999999966, 14.199999999999966, 14.299999999999965, 14.399999999999965, 14.499999999999964, 14.599999999999964, 14.699999999999964, 14.799999999999963, 14.899999999999963, 14.999999999999963, 15.099999999999962, 15.199999999999962, 15.299999999999962, 15.399999999999961, 15.499999999999961, 15.59999999999996, 15.69999999999996, 15.79999999999996, 15.89999999999996, 15.99999999999996, 16.09999999999996, 16.19999999999996, 16.29999999999996, 16.399999999999963, 16.499999999999964, 16.599999999999966, 16.699999999999967, 16.79999999999997, 16.89999999999997]

Y0 = [0.3853996900724956, 0.42167934467431767, 0.3405488604295702, 0.339040193595727, 0.29666867458132545, 0.18817461897977134, 0.3006027497643788, 0.23633449739479107, 0.2342646809641164, 0.2592071753577477, 0.2673469000640889, 0.2838716745106819, 0.31387877543764314, 0.2500062986114926, 0.2419166835779649, 0.19555400456215075, 0.2192936557480807, 0.283113748639668, 0.22113141544480755, 0.1986548434456142, 0.25541613353846243, 0.14079887176784014, 0.19140591782189872, 0.2541343807734998, 0.19037808004688375, 0.24357269304444792, 0.17422770233989263, 0.17464673654372623, 0.22226197465266892, 0.222422054585442, 0.2013421216539077, 0.20189633178256283, 0.2451434648763079, 0.24489194074219126, 0.26922698487753893, 0.24524512525759457, 0.257701225017407, 0.30597118919664246, 0.33095981779486233, 0.26502623242552154, 0.2953934515919823, 0.31321846921138363, 0.3245767911869492, 0.30236926798676095, 0.2969833729316284, 0.3189205204480334, 0.32763455651261714, 0.25190735887522026, 0.30652309705593406, 0.3181709900469811, 0.2214688294551277, 0.1784130331414669, 0.24091782673720039, 0.2663962348236116, 0.22246484022934251, 0.25037869641733834, 0.19069480648158704, 0.2605316896700365, 0.2524008811733924, 0.1499617332010599, 0.22224272841286968, 0.25632744946106106, 0.14608868250053972, 0.20440439865328475, 0.27945846961767395, 0.20388023657090235, 0.20182326146428836, 0.21390595891693917, 0.21023133291957322, 0.23155414995460452, 0.22914467845418457, 0.1941508241181059, 0.18598307867612096, 0.2593748902133635, 0.1768371630099649, 0.16528149036877518, 0.14352282013515258, 0.15980141162194705, 0.102984050759502, 0.14624428569682482, 0.06736904323947504, 0.1357621766941546, 0.09150091969097374, -0.10482093812061971, 0.02235855816436959, 0.042196668660617664, 0.018306889891247045, -0.1623496693991303, -0.15178038658838933, -0.19686268404484097, -0.17177488353445675, -0.1793089817845985, -0.2643136036116431, -0.19799930045634415, -0.16675379812675067, -0.2034824076752519, -0.1716777121368468, -0.2202883528950072, -0.10874663096834283, -0.0728042371494021, -0.2149882724915895, -0.21629145214670192, -0.1524357121234202, -0.22860927399194478, -0.17409477934751888, -0.22502772851358765, -0.2425078245409054, -0.24714231902559242, -0.23333161533089392, -0.27734365120319115, -0.29877401037499135, -0.2791919921924265, -0.34739848169139914, -0.36805733237649185, -0.31966856933376064, -0.27813358361649426, -0.4183379503631522, -0.36705758183806175, -0.31819033928284607, -0.3524315133937695, -0.34421555082217314, -0.3357252768241205, -0.39976951781290887, -0.38511953972233903, -0.37677189149124346, -0.37721372235529876, -0.4401862984601817, -0.4637761891978625, -0.41321897914189837, -0.5231772427396145, -0.5459596617521403, -0.37941020547680804, -0.5696119428027506, -0.49367911772423234, -0.3614657793922371, -0.4256415707836695, -0.4438202444625832, -0.4452804955307881, -0.3659422610472797, -0.4490892662015653, -0.5057671980700045, -0.5482164709276985, -0.45015122367035626, -0.5879073404801852, -0.7978508782518946, -0.6545777388173323, -0.8079500886826556, -0.7980242181577054, -0.9367104566506054, -0.8625533115713927, -0.7861862723159003, -0.8441282908585511, -0.795122575103984, -1.1374825178542616, -1.1509079396213906, -1.1812863520958652, -1.3128576380747952, -1.2462546114691104, -1.1548219905695156, -1.2347980176515112, -1.4230388974018848, -1.1200496683702423, -1.2098515032729589, -1.3179683773190893, -1.4205567685683982, -1.4051297178508704, -1.2603872323451786, -1.2783916914631945, -0.3041281574840342]

