X = [0.1, 0.2, 0.30000000000000004, 0.4, 0.5, 0.6, 0.7, 0.7999999999999999, 0.8999999999999999, 0.9999999999999999, 1.0999999999999999, 1.2, 1.3, 1.4000000000000001, 1.5000000000000002, 1.6000000000000003, 1.7000000000000004, 1.8000000000000005, 1.9000000000000006, 2.0000000000000004, 2.1000000000000005, 2.2000000000000006, 2.3000000000000007, 2.400000000000001, 2.500000000000001, 2.600000000000001, 2.700000000000001, 2.800000000000001, 2.9000000000000012, 3.0000000000000013, 3.1000000000000014, 3.2000000000000015, 3.3000000000000016, 3.4000000000000017, 3.5000000000000018, 3.600000000000002, 3.700000000000002, 3.800000000000002, 3.900000000000002, 4.000000000000002, 4.100000000000001, 4.200000000000001, 4.300000000000001, 4.4, 4.5, 4.6, 4.699999999999999, 4.799999999999999, 4.899999999999999, 4.999999999999998, 5.099999999999998, 5.1999999999999975, 5.299999999999997, 5.399999999999997, 5.4999999999999964, 5.599999999999996, 5.699999999999996, 5.799999999999995, 5.899999999999995, 5.999999999999995, 6.099999999999994, 6.199999999999994, 6.299999999999994, 6.399999999999993, 6.499999999999993, 6.5999999999999925, 6.699999999999992, 6.799999999999992, 6.8999999999999915, 6.999999999999991, 7.099999999999991, 7.19999999999999, 7.29999999999999, 7.39999999999999, 7.499999999999989, 7.599999999999989, 7.699999999999989, 7.799999999999988, 7.899999999999988, 7.999999999999988, 8.099999999999987, 8.199999999999987, 8.299999999999986, 8.399999999999986, 8.499999999999986, 8.599999999999985, 8.699999999999985, 8.799999999999985, 8.899999999999984, 8.999999999999984, 9.099999999999984, 9.199999999999983, 9.299999999999983, 9.399999999999983, 9.499999999999982, 9.599999999999982, 9.699999999999982, 9.799999999999981, 9.89999999999998, 9.99999999999998, 10.09999999999998, 10.19999999999998, 10.29999999999998, 10.399999999999979, 10.499999999999979, 10.599999999999978, 10.699999999999978, 10.799999999999978, 10.899999999999977, 10.999999999999977, 11.099999999999977, 11.199999999999976, 11.299999999999976, 11.399999999999975, 11.499999999999975, 11.599999999999975, 11.699999999999974, 11.799999999999974, 11.899999999999974, 11.999999999999973, 12.099999999999973, 12.199999999999973, 12.299999999999972, 12.399999999999972, 12.499999999999972, 12.599999999999971, 12.69999999999997, 12.79999999999997, 12.89999999999997, 12.99999999999997, 13.09999999999997, 13.199999999999969, 13.299999999999969, 13.399999999999968, 13.499999999999968, 13.599999999999968, 13.699999999999967, 13.799999999999967, 13.899999999999967, 13.999999999999966, 14.099999999999966, 14.199999999999966, 14.299999999999965, 14.399999999999965, 14.499999999999964, 14.599999999999964, 14.699999999999964, 14.799999999999963, 14.899999999999963, 14.999999999999963, 15.099999999999962, 15.199999999999962, 15.299999999999962, 15.399999999999961, 15.499999999999961, 15.59999999999996, 15.69999999999996, 15.79999999999996, 15.89999999999996, 15.99999999999996, 16.09999999999996, 16.19999999999996, 16.29999999999996, 16.399999999999963, 16.499999999999964, 16.599999999999966, 16.699999999999967, 16.79999999999997, 16.89999999999997, 16.99999999999997, 17.099999999999973, 17.199999999999974, 17.299999999999976, 17.399999999999977, 17.49999999999998, 17.59999999999998, 17.69999999999998, 17.799999999999983, 17.899999999999984, 17.999999999999986, 18.099999999999987, 18.19999999999999, 18.29999999999999, 18.39999999999999, 18.499999999999993, 18.599999999999994, 18.699999999999996, 18.799999999999997, 18.9, 19.0, 19.1, 19.200000000000003, 19.300000000000004, 19.400000000000006, 19.500000000000007, 19.60000000000001, 19.70000000000001, 19.80000000000001, 19.900000000000013, 20.000000000000014]
Y2_1 = [-1.4553023560375569, -1.453777526287733, -1.4630829492543664, -1.448412220583055, -1.4462137373798454, -1.4510917203611673, -1.4436294981770232, -1.4411505622934766, -1.4470378226506804, -1.453724178898815, -1.4501901565108692, -1.4418608475209125, -1.4373105754149482, -1.4396626397436059, -1.447523440958009, -1.4487438787511355, -1.44003690381565, -1.4435669271088811, -1.4444898353706055, -1.4560879689716186, -1.4381201151341145, -1.4434747041625497, -1.4425394168953198, -1.4360171730614757, -1.4387603873822807, -1.4372638934859663, -1.4502787394987766, -1.4344475890588289, -1.441033727300235, -1.441612779060965, -1.4369092867501851, -1.4432784624293118, -1.444484673865038, -1.4433019005131071, -1.4441380465215132, -1.4380032509421645, -1.4416402781851487, -1.4398376372646748, -1.4412121957053297, -1.4465274931138363, -1.4472120718126908, -1.4341791865086182, -1.4403333122516861, -1.45695641640142, -1.4366860422188024, -1.4393858550863505, -1.4322755872819455, -1.4294112096992917, -1.4370619476517854, -1.4346876204238854, -1.4371325821044691, -1.434959316178297, -1.433068309282508, -1.4344448033676647, -1.4371384301116916, -1.440267696504575, -1.4391657813526613, -1.4342123920740346, -1.4379382738908846, -1.4387688062932544, -1.4409456601337882, -1.434913848772002, -1.4401834101432536, -1.4384843342167746, -1.4500956251052246, -1.441052908388146, -1.4428601020604979, -1.43635739992915, -1.4403369752625075, -1.4469005573241382, -1.4429417338986772, -1.4382032485997416, -1.4383045256746767, -1.4573115513737371, -1.441729170503746, -1.4400056411873978, -1.4432376217368006, -1.4444017407026628, -1.4451217158955127, -1.4354715348874474, -1.4336162275961093, -1.4347033082675333, -1.4349522459029178, -1.433588482033002, -1.4365670323157673, -1.4372379562893238, -1.4325862431891914, -1.4409589645237226, -1.4459542183240703, -1.4404326520036368, -1.4490877028779805, -1.4397174789222782, -1.4320856563591031, -1.431109228239867, -1.4322257655764181, -1.440200076801915, -1.4344898297147413, -1.4318922702522616, -1.440767522666134, -1.4393146721383427, -1.4356023135616562, -1.4356132190640158, -1.4384906440366498, -1.4455632184401606, -1.436385321358685, -1.4479079151282104, -1.4379595192672483, -1.4448937801464294, -1.43458720117593, -1.4391934232938253, -1.4357834051355898, -1.4337217100455604, -1.4336949462954485, -1.4344640908687978, -1.4270952380723325, -1.435433694418683, -1.4393983590861792, -1.4392871433278973, -1.4425172802876338, -1.4371564009837343, -1.4364209762711633, -1.4421930391791622, -1.4356823546155637, -1.440468032948866, -1.4442827683571011, -1.4391662260305016, -1.4394231889721176, -1.4401736671941214, -1.4418750903814113, -1.4392230903297571, -1.4327312789102944, -1.4306443684371648, -1.4396732006600133, -1.4348584002719091, -1.4343234042091484, -1.4295283725017833, -1.4418960215309689, -1.4371660785057998, -1.4356442426430598, -1.4279918531471008, -1.4262697772910369, -1.433797185029027, -1.4267921541101285, -1.4399240770412827, -1.4503513676118154, -1.4314600733893879, -1.433704576760091, -1.4311947723440932, -1.4348530756585338, -1.428718406079423, -1.4341573114642707, -1.431377386535435, -1.4343405931487567, -1.4266593548284394, -1.4419333076668466, -1.4317327834971416, -1.4385191375512256, -1.4326995283501076, -1.4324022733621333, -1.4389904729830079, -1.4330034271970258, -1.438498929871131, -1.4320699138116453, -1.4284884789553007, -1.4255665136025844, -1.4318806411514975, -1.4412189416762997, -1.4370258415450543, -1.4369345865940994, -1.4381533419797843, -1.434964427531274, -1.4416119800902043, -1.431772303657342, -1.437619231344112, -1.4321011042729186, -1.4324086788652963, -1.4450235788925152, -1.4320614208475335, -1.444046523699054, -1.4325062548317413, -1.446427871354502, -1.433781253885741, -1.4341080304862786, -1.4308086403631082, -1.431647814313417, -1.4219730819388279, -1.440506849129941, -1.4228727886574588, -1.431145487618286, -1.434709137301699, -1.4400278214564883, -1.4400490185822403, -1.4334575012683897, -1.4284521804684363, -1.4284161061524296, -1.437889026197558, -1.433115171511552, -1.4314397532637317, -1.4295528895956757, -1.427405591223823]



