X = [0.1, 0.2, 0.30000000000000004, 0.4, 0.5, 0.6, 0.7, 0.7999999999999999, 0.8999999999999999, 0.9999999999999999, 1.0999999999999999, 1.2, 1.3, 1.4000000000000001, 1.5000000000000002, 1.6000000000000003, 1.7000000000000004, 1.8000000000000005, 1.9000000000000006, 2.0000000000000004, 2.1000000000000005, 2.2000000000000006, 2.3000000000000007, 2.400000000000001, 2.500000000000001, 2.600000000000001, 2.700000000000001, 2.800000000000001, 2.9000000000000012, 3.0000000000000013, 3.1000000000000014, 3.2000000000000015, 3.3000000000000016, 3.4000000000000017, 3.5000000000000018, 3.600000000000002, 3.700000000000002, 3.800000000000002, 3.900000000000002, 4.000000000000002, 4.100000000000001, 4.200000000000001, 4.300000000000001, 4.4, 4.5, 4.6, 4.699999999999999, 4.799999999999999, 4.899999999999999, 4.999999999999998, 5.099999999999998, 5.1999999999999975, 5.299999999999997, 5.399999999999997, 5.4999999999999964, 5.599999999999996, 5.699999999999996, 5.799999999999995, 5.899999999999995, 5.999999999999995, 6.099999999999994, 6.199999999999994, 6.299999999999994, 6.399999999999993, 6.499999999999993, 6.5999999999999925, 6.699999999999992, 6.799999999999992, 6.8999999999999915, 6.999999999999991, 7.099999999999991, 7.19999999999999, 7.29999999999999, 7.39999999999999, 7.499999999999989, 7.599999999999989, 7.699999999999989, 7.799999999999988, 7.899999999999988, 7.999999999999988, 8.099999999999987, 8.199999999999987, 8.299999999999986, 8.399999999999986, 8.499999999999986, 8.599999999999985, 8.699999999999985, 8.799999999999985, 8.899999999999984, 8.999999999999984, 9.099999999999984, 9.199999999999983, 9.299999999999983, 9.399999999999983, 9.499999999999982, 9.599999999999982, 9.699999999999982, 9.799999999999981, 9.89999999999998, 9.99999999999998, 10.09999999999998, 10.19999999999998, 10.29999999999998, 10.399999999999979, 10.499999999999979, 10.599999999999978, 10.699999999999978, 10.799999999999978, 10.899999999999977, 10.999999999999977, 11.099999999999977, 11.199999999999976, 11.299999999999976, 11.399999999999975, 11.499999999999975, 11.599999999999975, 11.699999999999974, 11.799999999999974, 11.899999999999974, 11.999999999999973, 12.099999999999973, 12.199999999999973, 12.299999999999972, 12.399999999999972, 12.499999999999972, 12.599999999999971, 12.69999999999997, 12.79999999999997, 12.89999999999997, 12.99999999999997, 13.09999999999997, 13.199999999999969, 13.299999999999969, 13.399999999999968, 13.499999999999968, 13.599999999999968, 13.699999999999967, 13.799999999999967, 13.899999999999967, 13.999999999999966, 14.099999999999966, 14.199999999999966, 14.299999999999965, 14.399999999999965, 14.499999999999964, 14.599999999999964, 14.699999999999964, 14.799999999999963, 14.899999999999963, 14.999999999999963, 15.099999999999962, 15.199999999999962, 15.299999999999962, 15.399999999999961, 15.499999999999961, 15.59999999999996, 15.69999999999996, 15.79999999999996, 15.89999999999996, 15.99999999999996, 16.09999999999996, 16.19999999999996, 16.29999999999996, 16.399999999999963, 16.499999999999964, 16.599999999999966, 16.699999999999967, 16.79999999999997, 16.89999999999997, 16.99999999999997, 17.099999999999973, 17.199999999999974, 17.299999999999976, 17.399999999999977, 17.49999999999998, 17.59999999999998, 17.69999999999998, 17.799999999999983, 17.899999999999984, 17.999999999999986, 18.099999999999987, 18.19999999999999, 18.29999999999999, 18.39999999999999, 18.499999999999993, 18.599999999999994, 18.699999999999996, 18.799999999999997, 18.9, 19.0, 19.1, 19.200000000000003, 19.300000000000004, 19.400000000000006, 19.500000000000007, 19.60000000000001, 19.70000000000001, 19.80000000000001, 19.900000000000013, 20.000000000000014]

Y0 = [0.20200092850394782, 0.2281536179105107, 0.17254397775210922, 0.1351793573629111, 0.1495382572026382, 0.18440652123282772, 0.10471874763889227, 0.2091033993177111, 0.1309285703529358, 0.17168615016619285, 0.1949294881046684, 0.15510901041787145, 0.18339354296206548, 0.14730976188183917, 0.1667335645075833, 0.13371973436586732, 0.13282073999738245, 0.05022618539609121, 0.12711359083060023, 0.08207681476970885, 0.0858199672037272, 0.11622909267123514, 0.09317385725842899, 0.04488354420155593, 0.129222638138122, 0.07740690220058373, 0.07569673757915028, 0.0799844983030503, 0.07761139956575581, 0.09523820696726906, 0.10806024353663524, 0.04453942516674125, 0.0984879160872618, 0.12939026453558855, 0.051902505261186366, 0.10679742736684694, 0.11097505548472074, 0.04119746546794406, 0.05981334242614335, 0.06102582428353757, 0.04862430841994044, 0.07876749436618966, 0.04661013630916278, 0.129751992467241, 0.07341410490447672, 0.06323222362625844, 0.040236702651129816, 0.005906173461554692, 0.06834794203886585, 0.019267489842885507, 0.07302449843428321, 0.08612029545644562, 0.04865594237971332, 0.002880673672445344, 0.09502568893166546, 0.04527792348884601, 0.06957515253526929, 0.05840996969676069, 0.07812545203169785, -0.02935019948969318, 0.044514770094972025, 0.04200531850120009, 0.048692970735920084, 0.07365243216270909, 0.1139669144007886, 0.10732773153079622, 0.03397311675387808, 0.08209586738103923, 0.058260293826365744, 0.08246894612503436, 0.10091282973582892, 0.06139957582254889, 0.031267680692785405, 0.03730467933385069, 0.02038027252923378, 0.016343057334573738, 0.03046321347726705, 0.024467552977418174, 0.005756261814314956, 0.047498563870902843, 0.027093018200275508, 0.014437551903256853, 0.050996294304685566, 0.05057067940742999, 0.07808912597688561, 0.04392816548126679, 0.09056268246761243, 0.029332342232829517, -0.010867970973479702, 0.03472795572148785, -0.0022505972123805953, 0.00928343425973779, 0.06034041990803327, 0.009219631057861279, -0.031686351906307225, 0.06572530164890049, 0.013284374208334275, 0.03042597405836696, 0.037117472984752584, 0.0563572592628053, 0.03348448625507253, 0.04310519119213869, 0.04779046951243482, 0.040975875638460404, 0.02356221324562539, 0.04883138945899473, 0.13276796623625173, 0.05811510623341554, 0.03518332301438657, -0.008987108990784561, 0.0021286486933965146, 0.07674417312469434, 0.01470771901573698, -0.015427388711840353, 0.010311537849118178, 0.06743672120463606, 0.025959149884551745, 0.08429482610055541, 0.07204034828389319, 0.07581743964554505, 0.04763637185468515, 0.0669819686080225, 0.05769888930273124, 0.07241682917361868, 0.11876796586773612, 0.10166137212628552, 0.01079638848288617, 0.09144994894279483, 0.052622612352057965, 0.07434163604656244, 0.08482172970109053, 0.12283087159321227, 0.09015666808139555, 0.09791280066155127, 0.10053334062474804, 0.07726122771277695, 0.07366153566897146, 0.10713142870266082, 0.17668013446049902, 0.11081990539058822, 0.041877589095921174, 0.10001754172217145, 0.055726448251546934, 0.1164222080441331, 0.05544925955139793, 0.03361505080504257, 0.08804493455769176, 0.07482890232993063, 0.03439341878097728, 0.13363999233729448, 0.09087954791513479, 0.0842190159223656, 0.08212392199532255, 0.06946094362844767, 0.016865212102907173, 0.07122898664907229, 0.06932150131966096, 0.058010320618547315, 0.05494487593032415, 0.07869564310135822, 0.0713777270468936, 0.006648713153106905, 0.03611855282096595, 0.025988906142192535, 0.04170837200229366, -0.02090819187290213, 0.019659912401553865, -0.035918807901002034, 0.07365737555095073, 0.032201524204987765, 0.07497917428358931, 0.05107084363967301, 0.04225818677196544, -0.005425244833112002, -0.010174706660857642, 0.07818046918121131, 0.018006481107422544, 0.022239230705665077, 0.07420473989908132, 0.03253237052773706, 0.05300559937579294, 0.1005902552199142, 0.07926347544721456, 0.03062450430186689, 0.014186295954626324, 0.05196756546064188, 0.029318160599683167, 0.06381338959409591, 0.07169353021669264, 0.05130092579492663, 0.05050171465324191, 0.05340409745220704, 0.04243514131040571, 0.034574691602669974, 0.041299744733733205, 0.04467209936211561, 0.024367396997631033, -0.05127551724592024, 0.027236508990269723, -0.03655232225918961]

