X = [0.1, 0.2, 0.30000000000000004, 0.4, 0.5, 0.6, 0.7, 0.7999999999999999, 0.8999999999999999, 0.9999999999999999, 1.0999999999999999, 1.2, 1.3, 1.4000000000000001, 1.5000000000000002, 1.6000000000000003, 1.7000000000000004, 1.8000000000000005, 1.9000000000000006, 2.0000000000000004, 2.1000000000000005, 2.2000000000000006, 2.3000000000000007, 2.400000000000001, 2.500000000000001, 2.600000000000001, 2.700000000000001, 2.800000000000001, 2.9000000000000012, 3.0000000000000013, 3.1000000000000014, 3.2000000000000015, 3.3000000000000016, 3.4000000000000017, 3.5000000000000018, 3.600000000000002, 3.700000000000002, 3.800000000000002, 3.900000000000002, 4.000000000000002, 4.100000000000001, 4.200000000000001, 4.300000000000001, 4.4, 4.5, 4.6, 4.699999999999999, 4.799999999999999, 4.899999999999999, 4.999999999999998, 5.099999999999998, 5.1999999999999975, 5.299999999999997, 5.399999999999997, 5.4999999999999964, 5.599999999999996, 5.699999999999996, 5.799999999999995, 5.899999999999995, 5.999999999999995, 6.099999999999994, 6.199999999999994, 6.299999999999994, 6.399999999999993, 6.499999999999993, 6.5999999999999925, 6.699999999999992, 6.799999999999992, 6.8999999999999915, 6.999999999999991, 7.099999999999991, 7.19999999999999, 7.29999999999999, 7.39999999999999, 7.499999999999989, 7.599999999999989, 7.699999999999989, 7.799999999999988, 7.899999999999988, 7.999999999999988, 8.099999999999987, 8.199999999999987, 8.299999999999986, 8.399999999999986, 8.499999999999986, 8.599999999999985, 8.699999999999985, 8.799999999999985, 8.899999999999984, 8.999999999999984, 9.099999999999984, 9.199999999999983, 9.299999999999983, 9.399999999999983, 9.499999999999982, 9.599999999999982, 9.699999999999982, 9.799999999999981, 9.89999999999998, 9.99999999999998, 10.09999999999998, 10.19999999999998, 10.29999999999998, 10.399999999999979, 10.499999999999979, 10.599999999999978, 10.699999999999978, 10.799999999999978, 10.899999999999977, 10.999999999999977, 11.099999999999977, 11.199999999999976, 11.299999999999976, 11.399999999999975, 11.499999999999975, 11.599999999999975, 11.699999999999974, 11.799999999999974, 11.899999999999974, 11.999999999999973, 12.099999999999973, 12.199999999999973, 12.299999999999972, 12.399999999999972, 12.499999999999972, 12.599999999999971, 12.69999999999997, 12.79999999999997, 12.89999999999997, 12.99999999999997, 13.09999999999997, 13.199999999999969, 13.299999999999969, 13.399999999999968, 13.499999999999968, 13.599999999999968, 13.699999999999967, 13.799999999999967, 13.899999999999967, 13.999999999999966, 14.099999999999966, 14.199999999999966, 14.299999999999965, 14.399999999999965, 14.499999999999964, 14.599999999999964, 14.699999999999964, 14.799999999999963, 14.899999999999963, 14.999999999999963, 15.099999999999962, 15.199999999999962, 15.299999999999962, 15.399999999999961, 15.499999999999961, 15.59999999999996, 15.69999999999996, 15.79999999999996, 15.89999999999996, 15.99999999999996, 16.09999999999996, 16.19999999999996, 16.29999999999996, 16.399999999999963, 16.499999999999964, 16.599999999999966, 16.699999999999967, 16.79999999999997, 16.89999999999997, 16.99999999999997, 17.099999999999973, 17.199999999999974, 17.299999999999976, 17.399999999999977, 17.49999999999998, 17.59999999999998, 17.69999999999998, 17.799999999999983, 17.899999999999984, 17.999999999999986, 18.099999999999987, 18.19999999999999, 18.29999999999999, 18.39999999999999, 18.499999999999993, 18.599999999999994, 18.699999999999996, 18.799999999999997, 18.9, 19.0, 19.1, 19.200000000000003, 19.300000000000004, 19.400000000000006, 19.500000000000007, 19.60000000000001, 19.70000000000001, 19.80000000000001, 19.900000000000013, 20.000000000000014];

Y0 = [0.12375698164488673, 0.11686079982640289, 0.16212555070242524, 0.015543833292879627, -0.05550774594390468, -0.06006797030561528, 0.0702175345910986, 0.07208226120067553, 0.004864726689969146, -0.04654294820562632, 0.012971707945246666, 0.0038656116450182195, -0.07233343343644585, -0.03311665833751213, 0.006052616724495718, -0.05783121686761075, -0.16493741121462935, -0.2235668734891262, -0.14288424824022514, -0.10486824777528428, -0.23532820489479725, -0.2751977666617826, -0.2742451808464125, -0.13466663556018468, -0.32751527734162894, -0.34146707186814546, -0.21583585990311474, -0.2980601453070904, -0.18250269583507023, -0.2992357908158451, -0.22006752062369273, -0.19773488288391558, -0.31816590183767757, -0.1531201427571379, -0.2598094734008938, -0.28949362381678106, -0.15996086551439276, -0.20488087652207762, -0.3437569024447342, -0.4297039773583144, -0.24028503868873272, -0.1732776072247547, -0.1932231182864689, -0.2881435537137244, -0.3157516397963312, -0.17103672073845747, -0.33235670063021133, -0.2753295027101137, -0.3665891701662561, -0.2626559954615286, -0.26674169283327287, -0.3442593700611993, -0.3875459657402032, -0.45615311915275947, -0.27581141552416444, -0.4194790258836467, -0.4292653571138893, -0.4551114534979564, -0.28285473410577217, -0.47204610542484515, -0.42598060588936726, -0.42548077734134815, -0.3064301055962563, -0.36736207001702725, -0.316589652284613, -0.2578414241114481, -0.40110380670459095, -0.35644766784180365, -0.20510948758624512, -0.32068691313721115, -0.408861499906162, -0.33808017753953445, -0.20417203241901616, -0.30420588058535886, -0.3725507171666365, -0.3286747720957438, -0.45206332263797705, -0.3177220825114349, -0.26675900593414753, -0.38951033521146694, -0.305839958180629, -0.3375709106525546, -0.19614910257988102, -0.4528685640389165, -0.4250462406784993, -0.4303425365616408, -0.23880768973895855, -0.49580930898114955, -0.25713432050792956, -0.4450372434511538, -0.47551296172402374, -0.4394260213094444, -0.3162599819637548, -0.4432219732510426, -0.5083814842707546, -0.34203847781885804, -0.25572073935122863, -0.3873948576359625, -0.43733169413293593, -0.3338451093150793, -0.21462496163221573, -0.4327247945322581, -0.2529110256410911, -0.3716004242908188, -0.23583093783799125, -0.3494886439036369, -0.3060483613539042, -0.4014223457789996, -0.47285956674035656, -0.3339463314374879, -0.21801217189458705, -0.36850518628646883, -0.3430208164346648, -0.3754403957389542, -0.40268760710900325, -0.3256793916833105, -0.43506481864760377, -0.47842004366476676, -0.5001156853424955, -0.3279934090074892, -0.38265411228442586, -0.4508550164863813, -0.5000615077502253, -0.46771492183444335, -0.4704075516411318, -0.5222108612013472, -0.49029209584559874, -0.5042873135271646, -0.34483926856232217, -0.44204259536890605, -0.4187022038752922, -0.6065913773076537, -0.5427907351965291, -0.28211993676174374, -0.22166581460517457, -0.48097052371110105, -0.37872696450750937, -0.35806397919658955, -0.2511633093155835, -0.4205902883091908, -0.353749499527551, -0.2699786817921938, -0.5491597161398213, -0.25115336249868886, -0.22558981891472282, -0.46780903827963927, -0.4575905826065756, -0.26900662479909354, -0.48188524525514015, -0.4789078765833509, -0.4658823516254212, -0.46503448941482317, -0.28042312412410225, -0.35535841348932123, -0.4208490747790395, -0.47253312803890446, -0.5292299015989399, -0.282451745577332, -0.43510153777675564, -0.4906667671135488, -0.44666436004933086, -0.3973487028333485, -0.20367854173334962, -0.3459932135113284, -0.32670435936659314, -0.4695725065886006, -0.44655836743184724, -0.17483248198869164, -0.21407001175221127, -0.36528847735103004, -0.2268653066424929, -0.275930066597567, -0.31221804627886757, -0.2523138104495596, -0.2522510318255048, -0.401246179573127, -0.5174599433722762, -0.2979652507081672, -0.22362837278655656, -0.31340179290362485, -0.24937545273662565, -0.3988233004113219, -0.4226139596622359, -0.34821491204361676, -0.22740885654474027, -0.4316627459613893, -0.5070235211627873, -0.4340049522485498, -0.2868572844587501, -0.5326802201022687, -0.24409468614714708, -0.4402881983315482, -0.4284464753104346, -0.44995010637461785, -0.24780265580289215, -0.4988701024850483, -0.4614395304078626, -0.40802408071114044, -0.41456135104522424, 