X = [0.1, 0.2, 0.30000000000000004, 0.4, 0.5, 0.6, 0.7, 0.7999999999999999, 0.8999999999999999, 0.9999999999999999, 1.0999999999999999, 1.2, 1.3, 1.4000000000000001, 1.5000000000000002, 1.6000000000000003, 1.7000000000000004, 1.8000000000000005, 1.9000000000000006, 2.0000000000000004, 2.1000000000000005, 2.2000000000000006, 2.3000000000000007, 2.400000000000001, 2.500000000000001, 2.600000000000001, 2.700000000000001, 2.800000000000001, 2.9000000000000012, 3.0000000000000013, 3.1000000000000014, 3.2000000000000015, 3.3000000000000016, 3.4000000000000017, 3.5000000000000018, 3.600000000000002, 3.700000000000002, 3.800000000000002, 3.900000000000002, 4.000000000000002, 4.100000000000001, 4.200000000000001, 4.300000000000001, 4.4, 4.5, 4.6, 4.699999999999999, 4.799999999999999, 4.899999999999999, 4.999999999999998, 5.099999999999998, 5.1999999999999975, 5.299999999999997, 5.399999999999997, 5.4999999999999964, 5.599999999999996, 5.699999999999996, 5.799999999999995, 5.899999999999995, 5.999999999999995, 6.099999999999994, 6.199999999999994, 6.299999999999994, 6.399999999999993, 6.499999999999993, 6.5999999999999925, 6.699999999999992, 6.799999999999992, 6.8999999999999915, 6.999999999999991, 7.099999999999991, 7.19999999999999, 7.29999999999999, 7.39999999999999, 7.499999999999989, 7.599999999999989, 7.699999999999989, 7.799999999999988, 7.899999999999988, 7.999999999999988, 8.099999999999987, 8.199999999999987, 8.299999999999986, 8.399999999999986, 8.499999999999986, 8.599999999999985, 8.699999999999985, 8.799999999999985, 8.899999999999984, 8.999999999999984, 9.099999999999984, 9.199999999999983, 9.299999999999983, 9.399999999999983, 9.499999999999982, 9.599999999999982, 9.699999999999982, 9.799999999999981, 9.89999999999998, 9.99999999999998, 10.09999999999998, 10.19999999999998, 10.29999999999998, 10.399999999999979, 10.499999999999979, 10.599999999999978, 10.699999999999978, 10.799999999999978, 10.899999999999977, 10.999999999999977, 11.099999999999977, 11.199999999999976, 11.299999999999976, 11.399999999999975, 11.499999999999975, 11.599999999999975, 11.699999999999974, 11.799999999999974, 11.899999999999974, 11.999999999999973, 12.099999999999973, 12.199999999999973, 12.299999999999972, 12.399999999999972, 12.499999999999972, 12.599999999999971, 12.69999999999997, 12.79999999999997, 12.89999999999997, 12.99999999999997, 13.09999999999997, 13.199999999999969, 13.299999999999969, 13.399999999999968, 13.499999999999968, 13.599999999999968, 13.699999999999967, 13.799999999999967, 13.899999999999967, 13.999999999999966, 14.099999999999966, 14.199999999999966, 14.299999999999965, 14.399999999999965, 14.499999999999964, 14.599999999999964, 14.699999999999964, 14.799999999999963, 14.899999999999963, 14.999999999999963, 15.099999999999962, 15.199999999999962, 15.299999999999962, 15.399999999999961, 15.499999999999961, 15.59999999999996, 15.69999999999996, 15.79999999999996, 15.89999999999996, 15.99999999999996, 16.09999999999996, 16.19999999999996, 16.29999999999996, 16.399999999999963, 16.499999999999964, 16.599999999999966, 16.699999999999967, 16.79999999999997, 16.89999999999997, 16.99999999999997, 17.099999999999973, 17.199999999999974, 17.299999999999976, 17.399999999999977, 17.49999999999998, 17.59999999999998, 17.69999999999998, 17.799999999999983, 17.899999999999984, 17.999999999999986, 18.099999999999987, 18.19999999999999, 18.29999999999999, 18.39999999999999, 18.499999999999993, 18.599999999999994, 18.699999999999996, 18.799999999999997, 18.9, 19.0, 19.1, 19.200000000000003, 19.300000000000004, 19.400000000000006, 19.500000000000007, 19.60000000000001, 19.70000000000001, 19.80000000000001, 19.900000000000013, 20.000000000000014]
Y03_1= [0.8238914593737181, 0.871069150661548, 0.7439457793392668, 0.6934784135733121, 0.5495551244023683, 0.5772837214639603, 0.5526685947962973, 0.44452070402883703, 0.49864046572526594, 0.42837788232574325, 0.44786607696206737, 0.4164446947231213, 0.39691842160483504, 0.4200284825174344, 0.34315829845908796, 0.3894747203831418, 0.36805996431291577, 0.3437344700960444, 0.2878439703578525, 0.25977113476562597, 0.30142852316771956, 0.23243322529349736, 0.29821644950237663, 0.2983941576613046, 0.19258813285341347, 0.30327239316909943, 0.2570768507278987, 0.22768149346486288, 0.3206805752882314, 0.19552605217480862, 0.27591538068391036, 0.26362746084693667, 0.14994941358351283, 0.28517091834158725, 0.1623160080908213, 0.21741531500350467, 0.16654791561315002, 0.20435138426015842, 0.12618655365948617, 0.08039609691527821, 0.2060665587359934, 0.09279406905281493, 0.1532856045312966, 0.07164020257021997, 0.23250762467110667, 0.04112882848242122, 0.22482998403689497, 0.11706790429474906, 0.1855222103909748, 0.07579077183802564, 0.1473987309565974, 0.08965234460719138, 0.11789643202046582, 0.07067769256689828, 0.10479782264297124, 0.16481280012061228, -0.032406702238932106, 0.13416777080054804, 0.02422224894092717, 0.13636954898611026, 0.08530867684342577, 0.1269729085627113, 0.15729097981029447, -0.014615340348482327, 0.165855782590146, 0.10106333439998161, 0.12101541484197512, 0.12267317642415591, 0.046753778011566854, 0.1464279420634232, 0.041324900387797237, 0.035339126969944845, 0.11570906558826644, 0.06465405997744546, 0.014740950548123726, 0.15971811674957204, 0.12560195451118028, 0.023516720872979714, 0.16636736839778038, 0.08720433482146886, 0.022160567370411215, 0.16775145865331248, 0.0638610938498144, 0.09002572560942959, 0.17220410505146974, 0.053025945641521084, 0.0998470488116387, 0.14255679873287436, -0.021751790606981913, 0.07084321084876218, 0.11203315393636906, 0.01793826034236416, 0.139998365342414, 0.05540884225704736, 0.09253437543158005, 0.09882078116516846, -0.021023044343742234, 0.12390321826469247, 0.0004944552009318939, 0.07226496189170177, 0.08826069135947623, -0.05185265255666241, 0.09435502988297245, 0.036787252162286704, -0.06717924900560768, 0.10383015825222966, -0.047093796938917104, 0.043052149003328245, -0.007088275299571116, -0.06014190392622696, 0.09572996059723106, -0.06678440356332858, 0.027171925209605582, 0.0010231998190047553, -0.004049371111761131, 0.08423368374548149, -0.012090221980198969, 0.08264437394026641, -0.026901888592944977, -0.044130020859856844, 0.016236639777489195, -0.055978188720208384, -0.05124224646832552, 0.11718604204053418, -0.038138683474098434, 0.04981798773359753, 0.12731779228964207, -0.05559129818407943, 0.0525637205598999, 0.10935214180210306, -0.017995984317748306, 0.1122974409252096, 0.11763496401486224, -0.02573779995743547, 0.004629230638223514, 0.06623498668488638, -0.06477370171790545, -0.03841051976001311, 0.0958952445071245, -0.009294180649436032, -0.0774079023118009, 0.035959051898514935, 0.027106683927788963, -0.024482123837035068, 0.00882395518380319, 0.07384262640003036, 0.0035882040145710364, -0.09097690433644222, 0.059944978784377795, 0.07976465231462491, -0.0707257431317937, -0.06429978336819298, 0.06603936982124325, 0.04270655951168757, -0.021963416576359848, -0.019008905389123316, 0.07727967733825533, -0.017419219939445937, -0.08524554983061043, 0.06820441841232197, 0.09193638489215529, -0.045707138988493615, -0.07065619399166777, 0.0009144972140427005, -0.05061445503914108, -0.09605458295851697, -0.01036588595332863, 0.05767607904089775, -0.04536681094218135, -0.05136205583394117, 0.04500212250048183, -0.032965234577352454, -0.1000820184704817, 0.031242056205842916, 0.09060305598832512, -0.03430896374863594, -0.10014714678289378, 0.0075850282642051375, -0.050167995223269, -0.06784999979140674, 0.010971714840903465, 0.07527970385886035, -0.011395583925114722, -0.022498618116800595, 0.05456405274878193, 0.059793360073897836, -0.10141044720170844, 0.034163136472530165, 0.04537967948541309, -0.03182116949782589, -0.1000460207311396, -0.03157762142599802, -0.0014727168863912232, 0.03565186579002129, -0.12733938307272902, -0.033293349221071855, 0.03017029203537422, -0.05950210745958883, -0.11108749966140667, -0.05745833154575605]
