t_x= [0.1, 0.2, 0.30000000000000004, 0.4, 0.5, 0.6, 0.7, 0.7999999999999999, 0.8999999999999999, 0.9999999999999999, 1.0999999999999999, 1.2, 1.3, 1.4000000000000001, 1.5000000000000002, 1.6000000000000003, 1.7000000000000004, 1.8000000000000005, 1.9000000000000006, 2.0000000000000004, 2.1000000000000005, 2.2000000000000006, 2.3000000000000007, 2.400000000000001, 2.500000000000001, 2.600000000000001, 2.700000000000001, 2.800000000000001, 2.9000000000000012, 3.0000000000000013, 3.1000000000000014, 3.2000000000000015, 3.3000000000000016, 3.4000000000000017, 3.5000000000000018, 3.600000000000002, 3.700000000000002, 3.800000000000002, 3.900000000000002, 4.000000000000002, 4.100000000000001, 4.200000000000001, 4.300000000000001, 4.4, 4.5, 4.6, 4.699999999999999, 4.799999999999999, 4.899999999999999, 4.999999999999998, 5.099999999999998, 5.1999999999999975, 5.299999999999997, 5.399999999999997, 5.4999999999999964, 5.599999999999996, 5.699999999999996, 5.799999999999995, 5.899999999999995, 5.999999999999995, 6.099999999999994, 6.199999999999994, 6.299999999999994, 6.399999999999993, 6.499999999999993, 6.5999999999999925, 6.699999999999992, 6.799999999999992, 6.8999999999999915, 6.999999999999991, 7.099999999999991, 7.19999999999999, 7.29999999999999, 7.39999999999999, 7.499999999999989, 7.599999999999989, 7.699999999999989, 7.799999999999988, 7.899999999999988, 7.999999999999988, 8.099999999999987, 8.199999999999987, 8.299999999999986, 8.399999999999986, 8.499999999999986, 8.599999999999985, 8.699999999999985, 8.799999999999985, 8.899999999999984, 8.999999999999984, 9.099999999999984, 9.199999999999983, 9.299999999999983, 9.399999999999983, 9.499999999999982, 9.599999999999982, 9.699999999999982, 9.799999999999981, 9.89999999999998, 9.99999999999998, 10.09999999999998, 10.19999999999998, 10.29999999999998, 10.399999999999979, 10.499999999999979, 10.599999999999978, 10.699999999999978, 10.799999999999978, 10.899999999999977, 10.999999999999977, 11.099999999999977, 11.199999999999976, 11.299999999999976, 11.399999999999975, 11.499999999999975, 11.599999999999975, 11.699999999999974, 11.799999999999974, 11.899999999999974, 11.999999999999973, 12.099999999999973, 12.199999999999973, 12.299999999999972, 12.399999999999972, 12.499999999999972, 12.599999999999971, 12.69999999999997, 12.79999999999997, 12.89999999999997, 12.99999999999997, 13.09999999999997, 13.199999999999969, 13.299999999999969, 13.399999999999968, 13.499999999999968, 13.599999999999968, 13.699999999999967, 13.799999999999967, 13.899999999999967, 13.999999999999966, 14.099999999999966, 14.199999999999966, 14.299999999999965, 14.399999999999965, 14.499999999999964, 14.599999999999964, 14.699999999999964, 14.799999999999963, 14.899999999999963, 14.999999999999963, 15.099999999999962, 15.199999999999962, 15.299999999999962, 15.399999999999961, 15.499999999999961, 15.59999999999996, 15.69999999999996, 15.79999999999996, 15.89999999999996, 15.99999999999996, 16.09999999999996, 16.19999999999996, 16.29999999999996, 16.399999999999963, 16.499999999999964, 16.599999999999966, 16.699999999999967, 16.79999999999997, 16.89999999999997, 16.99999999999997, 17.099999999999973, 17.199999999999974, 17.299999999999976, 17.399999999999977, 17.49999999999998, 17.59999999999998, 17.69999999999998, 17.799999999999983, 17.899999999999984, 17.999999999999986, 18.099999999999987, 18.19999999999999, 18.29999999999999, 18.39999999999999, 18.499999999999993, 18.599999999999994, 18.699999999999996, 18.799999999999997, 18.9, 19.0, 19.1, 19.200000000000003, 19.300000000000004, 19.400000000000006, 19.500000000000007, 19.60000000000001, 19.70000000000001, 19.80000000000001, 19.900000000000013, 20.000000000000014] 
Y03_1= [0.7951971303635887, 0.8197145746750105, 0.5986666640689913, 0.6592494378543414, 0.39816840304302376, 0.4702113796958249, 0.34166109024504165, 0.3615503483294388, 0.2159341529777289, 0.32424838290096014, 0.18791054247167271, 0.3247082261596348, 0.17095398228557576, 0.21092262524031177, 0.148814040657601, 0.22604847573600953, 0.07657227364042787, 0.20132649753942, 0.06128964255503941, 0.19196440894236477, 0.03402363211652204, 0.16120255768252553, 0.06747856402323923, 0.15349228847185944, 0.04215808747261394, 0.11288000377838425, 0.097365249744412, -0.0026804137057725164, 0.13549679975437057, 0.007469241865491291, 0.10748189045529427, -0.02183687485315476, 0.08351668689977976, 0.022386957785348008, 0.055186503999053206, -0.032349390479972914, 0.022401352380042018, 0.06403982224214796, -0.08134209918114144, 0.09347143118675855, -0.08557310778694237, 0.07891010189757573, -0.13153377977308547, 0.06544085709078575, -0.08880057064556487, 0.03851350433020412, -0.11772388812835163, 0.12853735357810106, -0.1122636276344409, 0.08844980966553423, -0.134481208040004, -0.000931379673089941, -0.1655844707582189, 0.06512282711652335, -0.16858365883433973, -0.09768135763007263, -0.08191919290537714, 0.0276843002711568, -0.1092382766662662, -0.03897198486510081, -0.028214021675761508, -0.034990988483008634, 0.017388621068832367, -0.10233915449947678, -0.034683940524218526, -0.06351204305516048, 0.050925243128637214, -0.11888948025120646, 0.07532652113352295, -0.069646302787797, 0.0057914969421283685, -0.06449278074442774, -0.09147728752820827, 0.043217318638621674, -0.15304731050687626, 0.036979672409202635, -0.03610723082061048, 0.036886772509091156, -0.016659727443020463, -0.08682656892128597, 0.1233017229040009, -0.09519787537382057, 0.029922277142818123, 0.01710945965485737, -0.08088256583618887, 0.0892663988791277, -0.07049584398710101, 0.05241324269895728, -0.06850352443389802, -0.06991284815022768, 0.06376140354628994, -0.18674296440201846, 0.006366070931510075, -0.08785928564280647, -0.030767651704182976, -0.07668232965949048, -0.05009015363726876, -0.0319192949393271, -0.08861119184146013, -0.06309352091745529, -0.1185014205646478, 0.007621771396639339, -0.1920925365432383, 0.041361786952278386, -0.1964806133353051, 0.021875831655283506, -0.24819800864515276, 0.0024815690442500163, -0.2484133737337473, -0.09557116305756981, -0.16620158257517115, -0.08562008650621314, -0.1354054846434123, -0.034466442766182534, -0.1563897624768028, -0.06014075226133432, -0.06397975446843016, -0.17843395263696776, -0.016068579153823925, -0.20076524492783862, 0.005430601189465489, -0.2185210718209239, -0.019053948008629848, -0.15295451201718058, -0.09729806530983746, -0.15941276551820183, -0.17303761922926267, -0.02336406444877655, -0.17327656188915766, -0.008725478013315371, 0.0018554275627298937, -0.21196926974687416, 0.008061197559177839, -0.09174047892149409, -0.15799554463953175, 0.04494524704857792, -0.1536773300602429, -0.08156841343261845, -0.022525335589439695, -0.13757506413573212, 0.028011218648918625, -0.15600466011799738, -0.1336157659153917, -0.0082088379657712, -0.1512857158418981, -0.15915717502764082, 0.07077699797046322, -0.16275908575223658, -0.006706112615221131, -0.0051342185414426, -0.27438487005904555, -0.04027242993044621, -0.06879850638683555, -0.15654524794163166, -0.004060674426793524, -0.16163486022855125, -0.006551074380157729, -0.18096204895013787, -0.18123423166284064, -0.042629813329133806, -0.26537737760098995, -0.1565194093037323, -0.1286075473913392, -0.249136542403751, -0.0739440529764642, -0.25156517365794523, -0.03078456570907271, -0.2896250460167249, -0.1088507887692005, -0.15906933372279097, -0.1729295704965255, -0.14971714069133804, -0.26164853461246057, -0.02730471549710887, -0.24767644242413175, -0.07392014304090214, -0.19079228204602386, -0.27730025041616424, -0.05345115402306732, -0.3191398038723758, -0.0965525258820954, -0.18651284139291852, -0.2580902079417629, -0.016165517823100956, -0.3420039629108772, -0.12549154846443802, -0.11817947242900083, -0.22714263432622434, -0.054226465546207185, -0.21066981157341308, -0.13303845023031524, -0.11623421624663353, -0.18666107424088846, -0.2363053778576897, 0.0010033978146460967, -0.17266368125463863, -0.1531118604170024, -0.018561302841864125, 